35190902494334936
35191054164558338
35191353906300906
35191347677758975
35191350798321829
35191341369526735
35191344527835743
35191344532031248
35191350781545033
35191353876941643
35191356930395280
35191356942978464
35191366015256630
35191369009989853
35191369009990420
35191374894596241
35191374898793049
35191377801250614
35191371975362682
35191363054076082
35191366048811271
35191347686149458
35191350806709571
35191366011062804
35186160351314145
35190929400791823
35190939437761082
35190964251266816
35190978981659970
35190974099491780
35190978985854530
35191328593677072
35191335061293464
35191350882207578
35191347782618415
35191341491161495
35191344636889160
35185772843762605
35185778870978109
35185784906582926
35191173723194460
35191177829419637
35191210079421896
35185875860065888
35185875868454568
35185881883083098
35185881883083255
35185881887280806
35185881887281229
35185887901912124
35185887893524738
35185893908156321
35185893916544153
35185899922787749
35185899926981330
35185899931173079
35185899931177527
35185905954197535
35185911956247188
35185911960439549
35185911960440691
35185911964633240
35185917966682393
35185917966684662
35185923964538381
35185923981313880
35185923981315653
35185929979168232
35185935977023025
35185941970683382
35185911973022541
35185911973024258
35185923989703229
35185929991754901
35185935985411382
35185935989607306
35185935993801376
35185905979361102
35185905979363241
35185911981413123
35185911985604370
35185917991848485
35185893941710461
35185893954294799
35185881899862187
35185887914494985
35185735929694634
35185748000900664
35185747988317329
35185747992511700
35185754028116041
35185760063718088
35185766107714569
35185772155898359
35185784218717459
35185790266902997
35185796306702028
35185796315090331
35185784243883492
35185790283680487
35185796319286030
35185802354888341
35185802359079119
35185802359080318
35185790287877530
35185796336062734
35185778225058066
35185784256464899
35185790296262039
35185790300455070
35185760105665088
35185766145459657
35185766145461338
35185772172675959
35185741973687514
35185754049087917
35185754053281156
35185760093082411
35185741965295921
35185754032309750
35185760063721783
35185760067914791
35185772147509993
35185784235495855
35185796302506047
35185796306702873
35185796327674214
35185796331867149
35185796336062964
35185778225057997
35185766137072775
35185754057477287
35185760097273529
35191248230812543
35191248230813240
35191251963740575
35191251963742305
35191251963742743
35191251963743630
35191251967936345
35191251972130232
35191251972130459
35191255684090010
35191255684090482
35191255688283356
35191255688283639
35191255688285625
35191255692479102
35191255692479138
35191259383464129
35191259383465992
35191259387658496
35191259387658591
35191259387658948
35191259387659610
35191259387659959
35191259387660127
35191259387661179
35191259387661585
35191259391853087
35191259391855106
35191263066063205
35191263070257788
35191263070259954
35191251951159578
35191255671507374
35191255675699778
35191255675700437
35191255675700870
35191259370884239
35191259375078447
35191259375078599
35191259375078675
35191259379270111
35191259379271790
35191259383465504
35191259383466712
35191259383467096
35191263057674549
35191263057675964
35191263061870573
35191266723499076
35191259366689920
35191263045091905
35191263049286040
35191263049286672
35191263049287068
35191263049287474
35191266710914656
35191266715108590
35191266719303416
35191266723499520
35191270347375983
35191270347377107
35191270347377393
35191270351570003
35191270359959551
35191270359959747
35191270364152213
35191273967060045
35191273967060387
35191273975448122
35191273975449218
35191273975450941
35191273979642609
35191273979644532
35191277557383926
35191277557383980
35191277565773587
35191277569967251
35191277569967264
35191277569967741
35191277574161437
35191281135127248
35191281135127688
35191281139319273
35191281139320444
35191281139322095
35191281143515181
35191277574163417
35191277578356326
35191277578356878
35191281143516221
35191284687702282
35191284687703707
35191284687703727
35191284691895198
35191284691896188
35191284691897000
35191284691897553
35191284700285412
35191284700285688
35191284704478565
35191284704479450
35191288223500703
35191288227693136
35191288227695589
35191288231887816
35191291738325845
35191277582549947
35191277582551124
35191277582552253
35191281160291007
35191284704480384
35191284708674882
35191288236082655
35191288236082879
35191288244471046
35191288244472362
35191291742520883
35191291742523130
35191291746714170
35191291746714500
35191291746714758
35191291746714911
35191291746717145
35191291746717516
35191291750908207
35191291750909890
35191295227985973
35191295227986356
35191295236376674
35191273988032930
35191273988033468
35191277586743837
35191277586744278
35191277586746568
35191277590939975
35191281164486917
35191281164487733
35191284712866499
35191288248665415
35191288248666197
35191288248666860
35191288252859054
35191291755102251
35191273992226596
35191273996420964
35191273996421839
35191273996422284
35191274000615176
35191274004808475
35191274004808911
35191274004809579
35191274013200180
35191277599326650
35191277599328487
35191277599329012
35191277599329250
35191277599329311
35191277603523579
35191277603523775
35191281172873374
35191281172875456
35191281177068220
35191281177068417
35191281177069021
35191263082843378
35191263091231580
35191263095423542
35191266740276611
35191266744467648
35191266744469358
35191266744470307
35191266752856155
35191266752857138
35191266752857304
35191266752858296
35191266752859152
35191266757051081
35191270376735123
35191270376736597
35191270376737201
35191270376737766
35191270380929253
35191270380931808
35191270380932352
35191270385124651
35191270385124751
35191270385125902
35191270385126425
35191270389318357
35191270389319000
35191270393512583
35191270393512975
35191255696671320
35191255696671997
35191255696672066
35191255696672493
35191255696673797
35191255700866049
35191255700866636
35191255700867563
35191255700867713
35191255700867749
35191255705061856
35191259396047034
35191259396047533
35191259396048561
35191259400241770
35191259404436539
35191259404438239
35191259408631647
35191259408632447
35191263074452885
35191263074454694
35191263078646242
35191263082840417
35191263082842062
35191270372541109
35191270372541563
35191248222424810
35191251963740489
35191251963740732
35191251963741472
35191251963742123
35191251963742883
35191251967935442
35191251967935906
35191251967936463
35191251967937344
35191251972129942
35191251972129951
35191255684088044
35191255684088398
35191255684088528
35191255684090938
35191255688282607
35191255688284750
35191255688285033
35191255692477746
35191255692478357
35191259391852708
35191259391853385
35191259391853960
35191259391855506
35191259391855763
35191259391855931
35191266727693688
35191266731887686
35191270368346202
35191251955353447
35191251955354919
35191255671505366
35191255675701736
35191255679894718
35191259370883079
35191259375078326
35191259379270805
35191259379272579
35191259383464738
35191259383466462
35191259383467152
35191263061869579
35191263061869865
35191263061871733
35191266723496078
35191266723497440
35191266723497615
35191266723498226
35191266723498264
35191266723498932
35191266727691646
35191270364152890
35191270368346517
35191259370884315
35191263049285836
35191263049286406
35191263049288413
35191266706719348
35191266710915429
35191266710916040
35191266715110371
35191266719304281
35191266719304466
35191270347376479
35191270347377717
35191270347377810
35191270351569198
35191270351569890
35191270351570913
35191270351571931
35191270355763326
35191270355763440
35191270355766560
35191270359957885
35191270359959889
35191270364154700
35191273958673575
35191273967059638
35191273967061194
35191273971253824
35191273975448344
35191273975450488
35191273975450990
35191273979643502
35191273979644198
35191273979644511
35191273983837080
35191277557383215
35191277557385127
35191277565773752
35191277569966247
35191277574161214
35191281135126645
35191281135126735
35191281139320051
35191281139321683
35191281143513675
35191281143514195
35191281143514841
35191273983838537
35191277578355168
35191277578355710
35191281147708545
35191281147710026
35191281151903563
35191284691896071
35191284691896696
35191284696088915
35191284696089204
35191284696091532
35191284696092034
35191284700286112
35191284700286196
35191288219304022
35191288219304567
35191288219306206
35191288223499350
35191288223500409
35191288227694303
35191291729936626
35191277582550655
35191277582551646
35191277586745989
35191284704478408
35191284708673884
35191284708674834
35191284712868890
35191288231888570
35191288236082090
35191288236084098
35191288240276847
35191288240277319
35191291750908533
35191291750908754
35191291750910159
35191291750911037
35191295232180599
35191295232180749
35191295236376044
35191295240569092
35191295240569571
35191273988033750
35191277586743690
35191277586745075
35191277586745282
35191281164484723
35191281164486976
35191281164487686
35191281168678951
35191281168681610
35191281172876188
35191284712866229
35191284717062250
35191284721255672
35191284721256487
35191284721256862
35191284721257217
35191284725450120
35191288244470431
35191288244471789
35191288248664435
35191288248665089
35191288248665653
35191288257055587
35191291755103377
35191291755105606
35191291759297051
35191291759298562
35191291759298739
35191291759298752
35191291759298870
35191291759299706
35191273992226239
35191273996420097
35191274004809763
35191274004810691
35191274009002818
35191274009004345
35191277595133770
35191277599326938
35191277599329417
35191277607714861
35191277607715282
35191277607717335
35191281168679128
35191281172873444
35191281177068269
35191281181262835
35191281181263992
35191281181264022
35191281181265094
35191263087035514
35191263087036821
35191263091229793
35191263091231953
35191263095425081
35191263095425201
35191266740276155
35191266748663585
35191266748663797
35191266748664218
35191266748664273
35191266748664623
35191266748664740
35191266752857779
35191266752858046
35191266752858369
35191266752858521
35191266752858524
35191270376736772
35191270380930812
35191270380931169
35191270385124251
35191270385125594
35191270393512546
35191270393512638
35191270393513216
35191270393513996
35191270393514516
35191274000613552
35191251980520990
35191255700865426
35191255700867476
35191255700867947
35191255705059906
35191259396048232
35191259396050409
35191259400242542
35191259404437497
35191259408630726
35191263074452444
35191263074454040
35191263078646655
35191266731887435
35191266731887463
35191266736079152
35191266736080832
35185923939371431
35185923943566231
35185923943567249
35185923943567737
35185923947758947
35185923947763081
35185929941422022
35185929945613668
35185929945614311
35185929945616756
35185929945617211
35185929949810592
35185929949810896
35185929954001053
35185935939273277
35185935939273787
35185935939275526
35185935939275605
35185935943468531
35185935947662300
35185935947663404
35185941941322168
35185941941322918
35185941941323558
35185941941324508
35185941941325212
35185941941325467
35185941945516847
35185947934984607
35185947934985421
35185953924449773
35185953924450105
35185953924451944
35185923935178324
35185929928839471
35185929928839916
35185929933034447
35185929937226185
35185929937229340
35185935922496175
35185935926693886
35185935930884238
35185935930888657
35185941928739188
35185941932934761
35185941932937555
35185941932937677
35185947926594059
35185947926594399
35185947926595652
35185947926596025
35185947926596851
35185947926597222
35185947926597593
35185947930789602
35185947930789858
35185947930791070
35185953920254057
35185953920255085
35185953920255340
35185953920255435
35185953920257207
35185941920350460
35185941920351213
35185941920351477
35185941920352479
35185941920352568
35185941920353287
35185947914011301
35185947918206276
35185947918207492
35185953899282683
35185953899283593
35185953899284636
35185953899284977
35185953903476993
35185953903479554
35185953903481041
35185953907672531
35185953911866957
35185953911868537
35185953911869675
35185953916061917
35185953920258218
35185959884555846
35185959884556184
35185959888749896
35185959888750117
35185959888750187
35185959888750496
35185959892943821
35185959892944415
35185959901332362
35185959884558719
35185959888752297
35185959892946207
35185959892946891
35185959892947559
35185959897140814
35185959897140918
35185959901335447
35185959905529445
35185959905530191
35185959905530859
35185965861437641
35185965861437980
35185965861439605
35185965865631909
35185965865632612
35185965869829363
35185965874021147
35185965874024129
35185965878214874
35185965878216182
35185965878217324
35185965878218986
35185965882410650
35185971842515053
35185971846709439
35185971846710889
35185971846711551
35185971846712301
35185971850904420
35185971850905154
35185971850905470
35185971850906238
35185977815205971
35185965882412129
35185965882413277
35185965882414341
35185965886603423
35185965886605519
35185965886606697
35185965886607338
35185971855098531
35185971859293411
35185971859294158
35185971863486610
35185977823592932
35185977823596115
35185977827788142
35185977831981603
35185977831984056
35185983787893276
35185983787894811
35185983787895254
35185983792087208
35185983792087519
35185983792088825
35185983792089545
35185983796281998
35185983796282027
35185983796282281
35185983796282537
35185989752193965
35185989756390317
35185989756390655
35185989760582725
35185989760583353
35185989760583982
35185989760584693
35185989760586286
35185965886606466
35185965886608500
35185965890798150
35185965890800631
35185965890801404
35185965890802886
35185971863487378
35185971863489919
35185971867682104
35185977840369742
35185977840371037
35185977840372157
35185977840372342
35185983804673412
35185983808864634
35185983808866668
35185983808867131
35185983808867571
35185989764776416
35185989764776981
35185989764778182
35185989764779096
35185989764780284
35185989768971896
35185989768973812
35185989768975130
35185989773164931
35185989773165335
35185989773166165
35185989773166172
35185989773169041
35185995724883334
35185995724883640
35185995724883996
35185995724884599
35185995724884756
35185995724885430
35185995724885955
35185995729078443
35185995729078969
35185995733271746
35185995733273079
35185965890799239
35185965894994717
35185965894995103
35185965894997185
35185971867683024
35185971867685112
35185971871876429
35185971871876611
35185971871877203
35185971871877775
35185971871878162
35185971871879244
35185971871879344
35185977844566038
35185977844566210
35185977844566830
35185977848760352
35185977848760829
35185977852954483
35185977852954642
35185977852955512
35185983813059888
35185983813062733
35185983817253698
35185983817254952
35185983817256733
35185983817257247
35185983821449832
35185983821450050
35185983825644476
35185989777360109
35185989781554761
35185989781557046
35185989781558235
35185989785748522
35185989785749697
35185959913918861
35185959918112239
35185959918112278
35185959922306899
35185959926500918
35185959926501198
35185959926501315
35185965894993942
35185965899187339
35185965899187661
35185965899189145
35185965899189329
35185965899190652
35185965907574997
35185965907577397
35185965911771286
35185971876069776
35185971880265903
35185971884458211
35185971884458829
35185971884459940
35185971884461100
35185971884461350
35185971888654222
35185971888655633
35185977857146989
35185977857147541
35185977861342497
35185977861343120
35185977861345246
35185977861345490
35185941958104027
35185941962297613
35185941966490838
35185947947569865
35185947951761780
35185947951763330
35185947951764247
35185947955956590
35185947955956795
35185953932837334
35185953932837851
35185953932838916
35185953932841416
35185953937032223
35185953937034153
35185953941227113
35185953941228388
35185953941228434
35185953941229053
35185953945421144
35185953945421184
35185959909721484
35185959922304168
35185959922304941
35185959926499342
35185959930692628
35185959930693126
35185929954004840
35185929958195826
35185929958197822
35185929958198505
35185929958199259
35185929962391850
35185929962392735
35185929962393995
35185929962394408
35185935951856814
35185935951858221
35185935951858355
35185935951859907
35185935951860094
35185935956050341
35185935956051370
35185935956052676
35185935956053356
35185935960244352
35185935960244583
35185935960245042
35185935960245538
35185935960247229
35185935960248280
35185941953905697
35185941953907014
35185941953908099
35185941953908147
35185941958099262
35185947939179329
35185947939179570
35185947939179901
35185947943370834
35185947943371647
35185947943372132
35185947947565547
35185953924449460
35185953924450665
35185953928643702
35186368107776209
35186368107776589
35186368107777525
35186368111972321
35186373535206686
35186373539398726
35186373539400083
35186373539400307
35186373539400935
35186373543593894
35186373543595248
35186373547787318
35186378962632931
35186378966827593
35186378966827667
35186378966828410
35186384373285187
35186384373287026
35186384373288057
35186384373289224
35186384377480454
35186384377481137
35186384377482272
35186384381673712
35186389771354321
35186389771356737
35186389775548453
35186389775550742
35186389775551251
35186389775551266
35186389775551434
35186395161034905
35186400525554159
35186400529748780
35186405869093620
35186405869093899
35186405873288025
35186405877483058
35186405877485254
35186405881678147
35186405881678383
35186405881679460
35186405885872545
35186405885873526
35186405885874513
35186411221026769
35186411221027904
35186411229415434
35186411229417361
35186411233607862
35186411233609315
35186416556179734
35186416556182411
35186416560375491
35186416560376869
35186416560377169
35186405898456152
35186411246190898
35186411246192671
35186411250388050
35186411250389062
35186416581346514
35186416581348105
35186416585539926
35186416585542006
35186416589734694
35186416589736428
35186416589736583
35186421908113770
35186421908116137
35186421912308223
35186421912309363
35186421912310078
35186421916500086
35186421916503077
35186427218100416
35186427218101419
35186427222295889
35186427222297070
35186427222297716
35186427226489438
35186427226491632
35186432515506344
35186432515507120
35186432515509205
35186432519701079
35186432523895617
35186405898453310
35186405902647891
35186405902650215
35186405902650223
35186405906843547
35186405906843733
35186405906843815
35186405906844505
35186405906845171
35186405911036281
35186405911037550
35186405911039467
35186405911040550
35186405915230724
35186405915234271
35186405919427659
35186405919427775
35186405919428657
35186411250385460
35186411258777701
35186411262972352
35186411267164134
35186416593929461
35186416593930102
35186416598123664
35186416598124822
35186416598124988
35186416602317218
35186416602318121
35186421920696794
35186373556178300
35186378971021364
35186378971023256
35186378971023893
35186378971025099
35186378975216782
35186378975218376
35186378979411847
35186378979412069
35186378979413630
35186378979413699
35186384381674027
35186384385868350
35186384385869245
35186384385869480
35186384385870446
35186384385871859
35186384390062680
35186384390062883
35186384390063413
35186384390063581
35186384390065386
35186389775552897
35186389779743319
35186389779746926
35186389783938020
35186389783939391
35186389783939410
35186389788132179
35186395165229096
35186395165232355
35186395165232477
35186395165232736
35186400538132615
35186373539401401
35186373543595646
35186384377479215
35186395161035685
35186405877483431
35186405885873143
35186411229416509
35186411229417809
35186411233608568
35186416551985721
35186405898456840
35186411250387217
35186411250387764
35186405898453021
35186405915234193
35186411250386813
35186411254582889
35186416602317975
35186384394259857
35186389788132919
35186389788133999
35186389796520374
35186395169426748
35186395169427085
35186395173617777
35186395173618039
35186395173618450
35186395173620678
35186395173620745
35186395173621020
35186395182006863
35186395182007387
35186400542327836
35186400542329049
35186400546522844
35186400546522964
35186400546523346
35186400546525051
35186400550718692
35186400554913767
35186400554913769
35191248222424269
35191251967937073
35191251967937170
35191251972131738
35191255684090844
35191255688283243
35191255692477618
35191255692479318
35191259387659726
35191259396047756
35191263070258053
35191263070258236
35191263074452169
35191266706719996
35191266710913136
35191266710913282
35191266710915836
35191266715107402
35191266715108127
35191266715108294
35191266719302563
35191266719304869
35191270347374941
35191270347375217
35191270347375872
35191270347376518
35191270351570871
35191270355764263
35191270364154426
35191273958673439
35191273975449877
35191273979642759
35191277561578386
35191277561580469
35191277569966173
35191277569967220
35191277574161367
35191281135127817
35191281139319167
35191281139320416
35191281143514112
35191273988033831
35191281164485373
35191281164487275
35191281168680155
35191281168680688
35191281168681917
35191284712867096
35191284717063108
35191284721255733
35191284721256635
35191288244470551
35191288244471115
35191291755102630
35191291759296992
35191273992227247
35191273992227366
35191273996420106
35191273996420778
35191273996421892
35191274000613867
35191274000615726
35191274000616253
35191274009002996
35191274009003744
35191274009003959
35191277590938163
35191277595133186
35191277599327204
35191277599327895
35191277603521458
35191277603521488
35191277603523247
35191277603523795
35191281172873260
35191281177070165
35191281181265426
35191284729643119
35191284729644735
35191255700866209
35191255700866851
35191255700867033
35191255705061966
35191259396048251
35191259396050287
35191259400242349
35191259400244314
35191259404438201
35191263074451568
35191263078646063
35191263078646976
35191263078647412
35191263078648181
35191263082840114
35191263082843204
35191266736081135
35191266740274594
35191270351572141
35191277561580310
35191248230812879
35191266727690800
35191266702527446
35191277607715235
35191263091231148
35191270385124652
35191270393512047
35186222292798131
35186222292799524
35186222292800768
35186222301186484
35186233688721240
35186233692915407
35186239376198775
35186239376200660
35186245051091152
35186227976081944
35186233667749935
35186239359421367
35186239359423392
35186239359424150
35186245025926928
35186245030120312
35186245038510706
35186250688238167
35186250696625082
35186256342156600
35186261983495335
35186256367325938
35186262017051783
35186267645809183
35186267654197338
35186250730181354
35186256367323472
35186256371516597
35186256375710326
35186262012855072
35186262021243576
35186262025438811
35186262025441110
35186267658387829
35186228013828588
35186233697109057
35186233701307118
35186239384586390
35186245055283946
35186313007203782
35186318547881353
35186318552076946
35186318552077043
35186324080167627
35186324084360267
35186335123768800
35186329591483542
35186335098602137
35186335102796288
35186340597336325
35186340601532428
35186340609919878
35186346091875227
35186351578026683
35186351582217086
35186357034811472
35186357059981287
35186367969364810
35186373396793841
35186351603188940
35186351607384214
35186351611577446
35186318560461300
35186324105332846
35186335127961639
35186335132157745
35186335136350673
35186340622501501
35186357064174098
35186367969366353
35186313011399408
35186329595679011
35186346096067568
35191273971255700
35191277607715436
35191266752858368
35191270385126385
35191208640774873
35191208649165130
35185718489778903
35185772856346940
35185754736953251
35185766829130623
35186006500051098
35186006504246114
35186006504246822
35186006508442189
35186012455963867
35186012455964060
35186018399291025
35186024334231343
35186024334232156
35186030269171842
35186030269172078
35186030269173001
35186030269174327
35186030273367700
35186030273367846
35186036199918582
35186042109693815
35186048015270645
35186048019465848
35186048027854958
35186048032049511
35186048032050093
35186053937627591
35186059834819817
35186048044633629
35186048048828755
35186053954405319
35186053954405682
35186053954406594
35186053958601802
35186053962796097
35186059876765432
35186065769761105
35186065773954175
35186065773956831
35186065778149838
35186071666951994
35186042126470860
35186042130663958
35186042134856871
35186042134859236
35186042143246008
35186048048826290
35186048053018959
35186048057214452
35186048061411198
35186048065601669
35186048065605159
35186053966989703
35186053966990672
35186053966991287
35186053975377652
35186059876761759
35186059876763709
35186006516829922
35186006516830791
35186006516831543
35186012460155917
35186012460156689
35186012464349430
35186012464353390
35186018403484516
35186018403485872
35186018411872434
35186024338427175
35186024342621023
35186024342621166
35186024346812452
35186024346812919
35186024346813991
35186024346814906
35186024346815328
35186030277560737
35186030277562069
35186036199916591
35186006500050292
35186006504243297
35186018399292396
35186024330035409
35186024334233547
35186030273366655
35186042097109643
35186042101304011
35186048015271732
35186048023659622
35186048044631062
35186048044633463
35186048048828307
35186053958602138
35186065769762346
35186071666952342
35186071671145129
35186042130663252
35186048048825502
35186048065602872
35186018403485540
35186018403487099
35186018411876302
35186024346815874
35186030277562168
35186443445864488
35186443450058569
35186448726491933
35186448726494566
35186000548334759
35186012451766769
35186018399291052
35186030269171806
35186030273368239
35186024313259963
35186030256588222
35186030256588561
35186030260781404
35186042101301736
35186042109694233
35186042118079117
35186048015271146
35186048019466272
35186048019467714
35186053929241574
35186048048828874
35186053962796894
35186059872569638
35186065773954333
35186065773954922
35186065773956919
35186065778151286
35186071662758774
35186042139052181
35186048057214735
35186053966988954
35186053975377068
35186053975378167
35186006512636643
35186006516829420
35186012464352916
35186018407679356
35186024342618339
35186030277560952
35186036199919260
35186059839013394
35186059876763371
35186018411873429
35186042097108037
35186048048828658
35186030285949423
35186018390904786
35186024321649638
35186024325841412
35186024325843092
35186030260782073
35186030264976508
35186036187335794
35186042109694149
35186036166366149
35186036170556672
35186042088720228
35186042088722418
35186042088722621
35186042092917075
35186042097110490
35186042097110716
35186048011076277
35186048011077767
35186048019466406
35186053920852818
35186053929239035
35186053929240020
35186053929240650
35186053933433052
35186053916659679
35186059822238386
35186059822238640
35186059826430571
35186059826432263
35186059830626078
35186059834822246
35186059839014606
35186065732011049
35186065732013112
35186065736205392
35186065736207695
35186071629201803
35186071629203162
35186059847402358
35186065757178758
35186071654369527
35186071658565211
35186071658566469
35186077538977143
35186083427781873
35186083427782100
35186083427782713
35186083427782750
35186059855792674
35186059868376901
35186059872569217
35186065765565110
35186030277559471
35186030277561586
35186030277561813
35186036195723277
35186036208304841
35186042126467481
35186042126467851
35186048036244977
35186053946017030
